0,310
0,305
0,308
0,307
0,302
0,304
0,303
0,12
0,10
0,8
0,0
0,525
0,489
0,300
0,516
0,528
0,299
0,488
0,376
0,298
0,487
0,319
0,297
0,424
0,472
0,296
0,515
0,427
0,295
0,350
0,420
0,294
0,419
0,366
0,293
0,417
0,500
0,292
0,388
0,414
0,291
0,531
0,537
0,290
0,551
0,413
0,289
0,412
0,288
0,415
0,411
0,287
0,514
0,286
0,496
0,410
0,285
0,555
0,409
0,284
0,407
0,283
0,445
0,406
0,282
0,513
0,533
0,281
0,512
0,471
0,280
0,548
0,428
0,279
0,402
0,342
0,278
0,511
0,349
0,277
0,332
0,398
0,276
0,397
0,275
0,395
0,519
0,274
0,527
0,392
0,273
0,558
0,538
0,272
0,567
0,391
0,271
0,341
0,390
0,270
0,440
0,389
0,269
0,510
0,565
0,268
0,509
0,425
0,267
0,508
0,517
0,266
0,542
0,485
0,265
0,385
0,550
0,264
0,507
0,568
0,263
0,561
0,381
0,262
0,380
0,261
0,378
0,335
0,260
0,549
0,375
0,259
0,541
0,470
0,258
0,559
0,374
0,257
0,475
0,373
0,256
0,423
0,372
0,255
0,504
0,435
0,254
0,433
0,371
0,253
0,563
0,370
0,252
0,482
0,369
0,251
0,477
0,368
0,250
0,426
0,468
0,249
0,492
0,367
0,248
0,467
0,553
0,247
0,466
0,552
0,246
0,503
0,364
0,245
0,547
0,465
0,244
0,403
0,464
0,242
0,363
0,241
0,393
0,362
0,240
2,1
2,6
0,379
1,0
0,404
1,3
1,1
0,432
0,462
0,469
0,473
0,481
0,494
0,505
0,573
0,574
2,4
3,0
3,3
1060,1
1060,2
1061,0
1061,1
1061,3
1062,0
1062,1
1062,3
1062,4
1063,0
1063,1
1063,3
1063,5
1063,6
1064,1
1064,2
1065,0
1065,2
1065,3
1066,1
1066,2
1066,4
1069,1
1069,2
1069,4
1069,5
1072,1
1072,2
1072,4
1073,0
1073,1
1073,3
1074,0
1074,2
1075,0
1075,1
1075,3
1077,0
1077,2
1077,3
1079,0
1079,2
1079,3
1082,0
1082,1
1082,3
1082,5
1196,0
1196,2
1196,3
1197,1
1197,2
1197,4
1198,1
1198,2
1198,4
1198,5
1199,1
1199,3
1199,4
1199,6
1200,0
1200,2
1201,0
1201,1
1201,3
1202,0
1202,2
1202,3
1205,0
1205,2
1205,3
1205,5
1208,0
1208,2
1208,4
1208,5
1209,1
1209,2
1210,0
1210,1
1210,3
1212,1
1212,2
1212,4
1215,0
1215,2
1215,4
1215,5
1215,3
1215,1
1212,3
1212,0
1210,2
1209,3
1209,0
1208,3
1208,1
1205,4
1205,1
1202,4
1202,1
1201,2
1200,3
1200,1
1199,5
1199,2
1199,0
1198,3
1198,0
1197,3
1197,0
1196,1
1082,4
1082,2
1079,4
1079,1
1077,4
1077,1
1075,2
1074,3
1074,1
1073,2
1072,5
1072,3
1072,0
1069,3
1069,0
1066,3
1066,0
1065,1
1064,3
1064,0
1063,4
1063,2
1062,5
1062,2
1061,4
1061,2
1060,3
1060,0
3,1
2,2
0,571
0,483
0,480
0,463
0,421
0,408
0,384
0,377
0,345
2,5
0,322
2,3
0,243
2,0
0,9
0,534
0,361
0,239
0,474
0,360
0,238
0,484
0,359
0,237
0,486
0,358
0,236
0,564
0,357
0,235
0,365
0,356
0,234
0,328
0,355
0,233
0,560
0,354
0,232
0,422
0,353
0,231
0,544
0,352
0,230
0,529
0,461
0,229
0,569
0,351
0,228
0,460
0,331
0,227
0,459
0,346
0,226
0,401
0,348
0,225
0,536
0,458
0,224
0,479
0,457
0,223
0,405
0,347
0,222
0,456
0,501
0,221
0,455
0,478
0,220
0,344
0,219
0,575
0,454
0,218
0,386
0,453
0,217
0,545
0,343
0,216
0,452
0,400
0,215
0,451
0,572
0,214
0,387
0,340
0,213
0,318
0,450
0,212
0,540
0,449
0,211
0,476
0,339
0,210
0,383
0,338
0,209
0,521
0,337
0,208
0,448
0,327
0,207
0,447
0,416
0,206
0,506
0,334
0,205
0,523
0,446
0,204
0,562
0,333
0,203
0,444
0,557
0,202
0,498
0,570
0,201
0,535
0,330
0,200
0,543
0,199
0,566
0,441
0,198
0,556
0,329
0,197
0,497
0,430
0,196
0,532
0,431
0,195
0,442
0,326
0,194
0,396
0,495
0,193
0,436
0,522
0,192
0,336
0,325
0,63
0,439
0,324
0,62
0,502
0,323
0,61
0,418
0,321
0,60
0,554
0,438
0,59
0,399
0,320
0,58
0,437
0,394
0,57
0,491
0,520
0,56
0,526
0,317
0,55
0,490
0,546
0,54
0,434
0,499
0,53
0,530
0,316
0,52
0,382
0,315
0,51
0,314
0,50
0,429
0,313
0,49
0,539
0,312
0,48
0,443
0,311
0,47
0,493
0,309
0,46
0,524
0,306
0,45
0,518
0,301
0,6
0,5
0,1
0,11
0,4
0,2
0,3
0,7
